%YAML:1.0
cfg_avt_0: 0.
cfg_avt_1: 1.0000000149011612e-01
cfg_avt_2: 5.0000000000000000e-01
cfg_avt_3: 4.0000000596046448e-01
cfg_avt_4: 4.0000000596046448e-01
cfg_avt_5: 8.9999997615814209e-01
cfg_avt_6: 6.0000002384185791e-01
cfg_avt_7: 6.0000002384185791e-01
cfg_avt_8: 0.
cfg_avt_9: 0.
cfg_avt_10: 0.
cfg_avt_11: 0.
cfg_avt_12: 0.
cfg_avt_13: 0.
cfg_avt_14: 0.
cfg_avt_15: 0.
cfg_avt_16: 0.
cfg_avt_17: 5.
cfg_avt_18: 2.8000000119209290e-01
cfg_avt_19: 40.
cfg_avt_20: 5.0000000000000000e-01
cfg_avt_21: 15.
cfg_avt_22: 3.4999999403953552e-01
cfg_avt_23: 30.
cfg_avt_24: 5.0000000000000000e-01
cfg_avt_25: 0.
cfg_avt_26: 0.
cfg_avt_27: 0.
cfg_avt_28: 0.
cfg_avt_29: 0.
cfg_avt_30: 0.
cfg_avt_31: 0.
cfg_avt_32: 1.
cfg_avt_33: 1000.
cfg_avt_34: 1000.
cfg_avt_35: 8000.
cfg_avt_36: 8000.
cfg_avt_37: 30.
cfg_avt_38: 30.
cfg_avt_39: 6.0000002384185791e-01
cfg_avt_40: 2.
cfg_avt_41: 0.
cfg_avt_42: 0.
cfg_avt_43: 0.
cfg_avt_44: 0.
cfg_avt_45: 0.
cfg_avt_46: 0.
cfg_avt_47: 0.
cfg_avt_48: 3.4999999403953552e-01
cfg_avt_49: 3.7999999523162842e-01
cfg_avt_50: 2.9999999329447746e-02
cfg_avt_51: 80.
cfg_avt_52: 12000.
cfg_avt_53: 10.
cfg_avt_54: 1.
cfg_avt_55: 3.
cfg_avt_56: 1.
cfg_avt_57: 20.
cfg_avt_58: 15.
cfg_avt_59: 10.
cfg_avt_60: 10.
cfg_avt_61: 500.
cfg_avt_62: 400.
cfg_avt_63: 0.
cfg_avt_64: 384.
cfg_avt_65: 192.
cfg_avt_66: 128.
cfg_avt_67: 30.
cfg_avt_68: 1.2000000476837158e+00
cfg_avt_69: 1.
cfg_avt_70: 1.
cfg_avt_71: 100.
cfg_avt_72: 1.
cfg_avt_73: 0.
cfg_avt_74: 12.
cfg_avt_75: 12.
cfg_avt_76: 0.
cfg_avt_77: 1.
cfg_avt_78: 0.
cfg_avt_79: 1.
cfg_avt_80: 1.
cfg_avt_81: 400.
cfg_avt_82: 40.
cfg_avt_83: 5.0000000000000000e-01
cfg_avt_84: 15.
cfg_avt_85: 30.
cfg_avt_86: 2.5000000000000000e-01
cfg_avt_87: 1.
cfg_avt_88: 4.
cfg_avt_89: 3.
cfg_avt_90: 5.0000000000000000e-01
cfg_avt_91: 4.0000000596046448e-01
cfg_avt_92: 7.9999998211860657e-02
cfg_avt_93: 2.5000000000000000e+00
cfg_avt_94: 9.9999997473787516e-06
cfg_avt_95: 2.4999999441206455e-03
cfg_avt_96: 0.
cfg_avt_97: 10.
cfg_avt_98: 10.
cfg_avt_99: ""
cfg_avt_100: 0.
cfg_avt_101: 2.
cfg_avt_102: 10.
cfg_avt_103: 0.
cfg_avt_104: 0.
cfg_avt_105: 0.
cfg_avt_106: 0.
cfg_avt_107: 0.
cfg_avt_108: 0.
cfg_avt_109: 0.
cfg_avt_110: 0.
cfg_avt_111: 0.
cfg_avt_112: 0.
cfg_avt_113: 0.
cfg_avt_114: 0.
cfg_avt_115: ""
cfg_avt_116: 0.
cfg_avt_117: 0.
cfg_avt_118: 0.
cfg_avt_119: 0.
cfg_avt_120: 0.
cfg_avt_121: 0.
cfg_avt_122: 0.
cfg_avt_123: 0.
cfg_avt_124: 0.
cfg_avt_125: 0.
cfg_avt_126: 0.
cfg_avt_127: 0.
cfg_avt_128: 0.
cfg_avt_129: 0.
cfg_avt_130: 0.
cfg_avt_131: ""
cfg_avt_132: 0.
cfg_avt_133: 0.
cfg_avt_134: 0.
cfg_avt_135: 0.
cfg_avt_136: 0.
cfg_avt_137: 0.
cfg_avt_138: 0.
cfg_avt_139: 0.
cfg_avt_140: 0.
cfg_avt_141: 0.
cfg_avt_142: 0.
cfg_avt_143: 0.
cfg_avt_144: 0.
cfg_avt_145: 0.
cfg_avt_146: 0.
cfg_avt_147: ""
cfg_avt_148: 0.
cfg_avt_149: 0.
cfg_avt_150: 0.
cfg_avt_151: 0.
cfg_avt_152: 0.
cfg_avt_153: 0.
cfg_avt_154: 0.
cfg_avt_155: 0.
cfg_avt_156: 0.
cfg_avt_157: 0.
cfg_avt_158: 0.
cfg_avt_159: 0.
cfg_avt_160: 0.
cfg_avt_161: 0.
cfg_avt_162: 0.
cfg_avt_163: ""
cfg_avt_164: 0.
cfg_avt_165: 0.
cfg_avt_166: 0.
cfg_avt_167: 0.
cfg_avt_168: 0.
cfg_avt_169: 0.
cfg_avt_170: 0.
cfg_avt_171: 0.
cfg_avt_172: 0.
cfg_avt_173: 0.
cfg_avt_174: 0.
cfg_avt_175: 0.
cfg_avt_176: 0.
cfg_avt_177: 0.
cfg_avt_178: 0.
cfg_avt_179: ""
cfg_avt_180: 0.
cfg_avt_181: 0.
cfg_avt_182: 0.
cfg_avt_183: 0.
cfg_avt_184: 0.
cfg_avt_185: 0.
cfg_avt_186: 0.
cfg_avt_187: 0.
cfg_avt_188: 0.
cfg_avt_189: 0.
cfg_avt_190: 0.
cfg_avt_191: 0.
cfg_avt_192: 0.
cfg_avt_193: 10.
cfg_avt_194: 10.
cfg_avt_195: ""
cfg_avt_196: 0.
cfg_avt_197: 2.
cfg_avt_198: 10.
cfg_avt_199: 0.
cfg_avt_200: 0.
cfg_avt_201: 0.
cfg_avt_202: 0.
cfg_avt_203: 0.
cfg_avt_204: 0.
cfg_avt_205: 0.
cfg_avt_206: 0.
cfg_avt_207: 0.
cfg_avt_208: 0.
cfg_avt_209: 0.
cfg_avt_210: 0.
cfg_avt_211: ""
cfg_avt_212: 0.
cfg_avt_213: 0.
cfg_avt_214: 0.
cfg_avt_215: 0.
cfg_avt_216: 0.
cfg_avt_217: 0.
cfg_avt_218: 0.
cfg_avt_219: 0.
cfg_avt_220: 0.
cfg_avt_221: 0.
cfg_avt_222: 0.
cfg_avt_223: 0.
cfg_avt_224: 0.
cfg_avt_225: 0.
cfg_avt_226: 0.
cfg_avt_227: ""
cfg_avt_228: 0.
cfg_avt_229: 0.
cfg_avt_230: 0.
cfg_avt_231: 0.
cfg_avt_232: 0.
cfg_avt_233: 0.
cfg_avt_234: 0.
cfg_avt_235: 0.
cfg_avt_236: 0.
cfg_avt_237: 0.
cfg_avt_238: 0.
cfg_avt_239: 0.
cfg_avt_240: 0.
cfg_avt_241: 0.
cfg_avt_242: 0.
cfg_avt_243: ""
cfg_avt_244: 0.
cfg_avt_245: 0.
cfg_avt_246: 0.
cfg_avt_247: 0.
cfg_avt_248: 0.
cfg_avt_249: 0.
cfg_avt_250: 0.
cfg_avt_251: 0.
cfg_avt_252: 0.
cfg_avt_253: 0.
cfg_avt_254: 0.
cfg_avt_255: 0.
cfg_avt_256: 0.
cfg_avt_257: 0.
cfg_avt_258: 0.
cfg_avt_259: ""
cfg_avt_260: 0.
cfg_avt_261: 0.
cfg_avt_262: 0.
cfg_avt_263: 0.
cfg_avt_264: 0.
cfg_avt_265: 0.
cfg_avt_266: 0.
cfg_avt_267: 0.
cfg_avt_268: 0.
cfg_avt_269: 0.
cfg_avt_270: 0.
cfg_avt_271: 0.
cfg_avt_272: 0.
cfg_avt_273: 0.
cfg_avt_274: 0.
cfg_avt_275: ""
cfg_avt_276: 0.
cfg_avt_277: 0.
cfg_avt_278: 0.
cfg_avt_279: 0.
cfg_avt_280: 0.
cfg_avt_281: 0.
cfg_avt_282: 0.
cfg_avt_283: 0.
cfg_avt_284: 0.
cfg_avt_285: 0.
cfg_avt_286: 0.
cfg_avt_287: 0.
cfg_avt_288: 0.
cfg_avt_289: 0.
cfg_avt_290: 0.
cfg_avt_291: ""
cfg_avt_292: 0.
cfg_avt_293: 0.
cfg_avt_294: 0.
cfg_avt_295: 0.
cfg_avt_296: 0.
cfg_avt_297: 0.
cfg_avt_298: 0.
cfg_avt_299: 0.
cfg_avt_300: 0.
cfg_avt_301: 0.
cfg_avt_302: 0.
cfg_avt_303: 0.
cfg_avt_304: 0.
cfg_avt_305: 0.
cfg_avt_306: 0.
cfg_avt_307: ""
cfg_avt_308: 0.
cfg_avt_309: 0.
cfg_avt_310: 0.
cfg_avt_311: 0.
cfg_avt_312: 0.
cfg_avt_313: 0.
cfg_avt_314: 0.
cfg_avt_315: 0.
cfg_avt_316: 0.
cfg_avt_317: 0.
cfg_avt_318: 0.
cfg_avt_319: 0.
cfg_avt_320: 0.
cfg_avt_321: 0.
cfg_avt_322: 0.
cfg_avt_323: ""
cfg_avt_324: 0.
cfg_avt_325: 0.
cfg_avt_326: 0.
cfg_avt_327: 0.
cfg_avt_328: 0.
cfg_avt_329: 0.
cfg_avt_330: 0.
cfg_avt_331: 0.
cfg_avt_332: 0.
cfg_avt_333: 0.
cfg_avt_334: 0.
cfg_avt_335: 0.
cfg_avt_336: 0.
cfg_avt_337: 0.
cfg_avt_338: 0.
cfg_avt_339: ""
cfg_avt_340: 0.
cfg_avt_341: 0.
cfg_avt_342: 0.
cfg_avt_343: 0.
cfg_avt_344: 0.
cfg_avt_345: 0.
cfg_avt_346: 0.
cfg_avt_347: 0.
cfg_avt_348: 0.
cfg_avt_349: 0.
cfg_avt_350: 0.
cfg_avt_351: 0.
cfg_avt_352: 0.
cfg_avt_353: 5.6250000000000000e-01
cfg_avt_354: 1920.
cfg_avt_355: 1080.
cfg_avt_356: 5.9299999237060547e+01
cfg_avt_357: 960.
cfg_avt_358: 540.
cfg_avt_359: 0.
cfg_avt_360: 0.
cfg_avt_361: 0.
cfg_avt_362: 0.
cfg_avt_363: 0.
cfg_avt_364: 0.
cfg_avt_365: 0.
cfg_avt_366: 0.
cfg_avt_367: 0.
cfg_avt_368: 3.
cfg_avt_369: 960.
cfg_avt_370: 540.
cfg_avt_371: 15.
cfg_avt_372: 960.
cfg_avt_373: 540.
cfg_avt_374: 25.
cfg_avt_375: 960.
cfg_avt_376: 540.
cfg_avt_377: 35.
cfg_avt_378: 960.
cfg_avt_379: 540.
cfg_avt_380: 5.9299999237060547e+01
cfg_avt_381: 960.
cfg_avt_382: 540.
cfg_avt_383: 0.
cfg_avt_384: 2849.
cfg_avt_385: 960.
cfg_avt_386: 540.
cfg_avt_387: 65535.
cfg_avt_388: 960.
cfg_avt_389: 540.
cfg_avt_390: 65535.
cfg_avt_391: 960.
cfg_avt_392: 540.
cfg_avt_393: 65535.
cfg_avt_394: 960.
cfg_avt_395: 540.
cfg_avt_396: 65535.
cfg_avt_397: 960.
cfg_avt_398: 540.
cfg_avt_399: 65535.
cfg_avt_400: 960.
cfg_avt_401: 540.
cfg_avt_402: 65535.
cfg_avt_403: 960.
cfg_avt_404: 540.
cfg_avt_405: 65535.
cfg_avt_406: 960.
cfg_avt_407: 540.
cfg_avt_408: 65535.
cfg_avt_409: 960.
cfg_avt_410: 540.
cfg_avt_411: 65535.
cfg_avt_412: 960.
cfg_avt_413: 540.
cfg_avt_414: 65535.
cfg_avt_415: 960.
cfg_avt_416: 540.
cfg_avt_417: 65535.
cfg_avt_418: 960.
cfg_avt_419: 540.
cfg_avt_420: 65535.
cfg_avt_421: 960.
cfg_avt_422: 540.
cfg_avt_423: 0.
cfg_avt_424: 0.
cfg_avt_425: 0.
cfg_avt_426: 0.
cfg_avt_427: 0.
cfg_avt_428: 0.
cfg_avt_429: 0.
cfg_avt_430: 0.
cfg_avt_431: 0.
cfg_avt_432: 0.
cfg_avt_433: 0.
cfg_avt_434: 0.
cfg_avt_435: 0.
cfg_avt_436: 0.
cfg_avt_437: 0.
cfg_avt_438: 0.
cfg_avt_439: 0.
cfg_avt_440: 0.
cfg_avt_441: 0.
cfg_avt_442: 0.
cfg_avt_443: 0.
cfg_avt_444: 0.
cfg_avt_445: 0.
cfg_avt_446: 0.
cfg_avt_447: 0.
cfg_avt_448: 0.
cfg_avt_449: 0.
cfg_avt_450: 0.
cfg_avt_451: ""
cfg_avt_452: 0.
cfg_avt_453: 0.
cfg_avt_454: 0.
cfg_avt_455: 0.
cfg_avt_456: 0.
cfg_avt_457: 0.
cfg_avt_458: 0.
cfg_avt_459: 0.
