%YAML:1.0
cfg_avt_0: 0.
cfg_avt_1: 0.1
cfg_avt_2: 0.7
cfg_avt_3: 0.3
cfg_avt_4: 0.4
cfg_avt_5: 0.
cfg_avt_6: 0.
cfg_avt_7: 0.
cfg_avt_8: 0.
cfg_avt_9: 0.
cfg_avt_10: 0.
cfg_avt_11: 0.
cfg_avt_12: 0.
cfg_avt_13: 0.
cfg_avt_14: 0.
cfg_avt_15: 0.

cfg_avt_16: 0.
cfg_avt_17: 11.
cfg_avt_18: 0.15
cfg_avt_19: 0.
cfg_avt_20: 0.
cfg_avt_21: 23.
cfg_avt_22: 0.18
cfg_avt_23: 0.
cfg_avt_24: 0.
cfg_avt_25: 0.
cfg_avt_26: 0.
cfg_avt_27: 0.
cfg_avt_28: 0.
cfg_avt_29: 0.
cfg_avt_30: 0.
cfg_avt_31: 0.

cfg_avt_32: 0.
cfg_avt_33: 960.
cfg_avt_34: 540.
cfg_avt_35: 8000.
cfg_avt_36: 8000.
cfg_avt_37: 30.
cfg_avt_38: 30.
cfg_avt_39: 0.6
cfg_avt_40: 2
cfg_avt_41: 0.
cfg_avt_42: 0.
cfg_avt_43: 0.
cfg_avt_44: 0.
cfg_avt_45: 0.
cfg_avt_46: 0.
cfg_avt_47: 0.

cfg_avt_48: 0.35
cfg_avt_49: 0.38
cfg_avt_50: 0.0125
cfg_avt_51: 80.
cfg_avt_52: 12000.
cfg_avt_53: 10.
cfg_avt_54: 1.
cfg_avt_55: 3.
cfg_avt_56: 1.
cfg_avt_57: 20.
cfg_avt_58: 15.
cfg_avt_59: 10.
cfg_avt_60: 10.
cfg_avt_61: 500.
cfg_avt_62: 400.
cfg_avt_63: 0.

cfg_avt_64: 384.
cfg_avt_65: 192.
cfg_avt_66: 128.
cfg_avt_67: 30.
cfg_avt_68: 1.2
cfg_avt_69: 1.
cfg_avt_70: 1.
cfg_avt_71: 100.
cfg_avt_72: 1.
cfg_avt_73: 0.
cfg_avt_74: 12.
cfg_avt_75: 12.
cfg_avt_76: 0.
cfg_avt_77: 1.
cfg_avt_78: 0.
cfg_avt_79: 1.

cfg_avt_80: 1.
cfg_avt_81: 400.
cfg_avt_82: 40.
cfg_avt_83: 0.5
cfg_avt_84: 15.
cfg_avt_85: 30.
cfg_avt_86: 0.25
cfg_avt_87: 1.
cfg_avt_88: 4.
cfg_avt_89: 3.
cfg_avt_90: 0.5
cfg_avt_91: 0.4
cfg_avt_92: 0.08
cfg_avt_93: 2.5
cfg_avt_94: 0.00001
cfg_avt_95: 0.0025

cfg_avt_96: 0.
cfg_avt_97: 10
cfg_avt_98: 10.
cfg_avt_99: 0.0
cfg_avt_100: 0
cfg_avt_101: 2
cfg_avt_102: 10







